name: SHETRAN_UK
channels:
  - anaconda
  - conda-forge
  - defaults
dependencies:
  - blas=1.0=mkl
  - blosc=1.21.6=hfd34d9b_1
  - bottleneck=1.3.7=py38h9128911_0
  - bzip2=1.0.8=h2466b09_7
  - ca-certificates=2024.12.14=h56e8100_0
  - certifi=2024.8.30=pyhd8ed1ab_0
  - cftime=1.6.4=py38haf47d59_0
  - hdf4=4.2.15=h5557f11_7
  - hdf5=1.14.3=nompi_hd5d9e70_108
  - intel-openmp=2023.1.0=h59b6b97_46320
  - krb5=1.21.3=hdf4eb48_0
  - libaec=1.1.3=h63175ca_0
  - libcurl=8.11.1=h88aaa65_0
  - libffi=3.4.4=hd77b12b_1
  - libiconv=1.17=hcfcfb64_2
  - libjpeg-turbo=3.0.0=hcfcfb64_1
  - libnetcdf=4.9.2=nompi_h008f77d_116
  - libssh2=1.11.1=he619c9f_0
  - libxml2=2.13.5=he286e8c_1
  - libzip=1.11.2=h3135430_0
  - libzlib=1.3.1=h2466b09_2
  - lz4-c=1.10.0=h2466b09_1
  - mkl=2023.1.0=h6b88ed4_46358
  - mkl-service=2.4.0=py38h2bbff1b_1
  - mkl_fft=1.3.8=py38h2bbff1b_0
  - mkl_random=1.2.4=py38h59b6b97_0
  - netcdf4=1.7.1=nompi_py38hb24509e_101
  - numexpr=2.8.4=py38h7b80656_1
  - numpy=1.24.3=py38h79a8e48_1
  - numpy-base=1.24.3=py38h8a87ada_1
  - openssl=3.4.0=ha4e3fda_1
  - packaging=24.1=py38haa95532_0
  - pandas=2.0.3=py38h4ed8f06_0
  - pip=24.2=py38haa95532_0
  - python=3.8.20=h8205438_0
  - python-dateutil=2.9.0post0=py38haa95532_2
  - python-tzdata=2023.3=pyhd3eb1b0_0
  - python_abi=3.8=2_cp38
  - pytz=2024.1=py38haa95532_0
  - setuptools=75.1.0=py38haa95532_0
  - six=1.16.0=pyhd3eb1b0_1
  - snappy=1.2.1=h500f7fa_1
  - sqlite=3.45.3=h2bbff1b_0
  - tbb=2021.8.0=h59b6b97_0
  - ucrt=10.0.22621.0=h57928b3_1
  - vc=14.40=haa95532_2
  - vc14_runtime=14.42.34433=he29a5d6_23
  - vs2015_runtime=14.42.34433=hdffcdeb_23
  - wheel=0.44.0=py38haa95532_0
  - xarray=2022.11.0=py38haa95532_0
  - zlib=1.3.1=h2466b09_2
  - zstd=1.5.6=h0ea2cb4_0
prefix: C:\ProgramData\anaconda3\envs\SHETRAN_UK
